age_calBP	d18OcarbVPDB	d18OcarbVint	d18Ocarbivc
0	-9.34	-9.34	-9.34
100	-9.54	-9.54	-9.54
200	-9.47	-9.47	-9.47
300	-9.50	-9.50	-9.50
400	-9.33	-9.33	-9.33
500	-9.57	-9.57	-9.57
600	-9.50	-9.50	-9.50
700	-9.59	-9.59	-9.59
800	-9.49	-9.49	-9.49
900	-9.41	-9.41	-9.41
1000	-9.72	-9.72	-9.72
1100	-9.46	-9.46	-9.46
1200	-9.54	-9.54	-9.54
1300	-9.60	-9.60	-9.60
1400	-9.52	-9.52	-9.52
1500	-9.53	-9.53	-9.53
1600	-9.44	-9.44	-9.44
1700	-9.71	-9.71	-9.71
1800	-9.69	-9.69	-9.69
1900	-9.47	-9.47	-9.47
2000	-9.60	-9.60	-9.60
2100	-999	-9.81	-9.81
2200	-10.03	-10.03	-10.03
2300	-999	-9.83	-9.83
2400	-999	-9.63	-9.63
2500	-9.43	-9.43	-9.43
2600	-9.28	-9.28	-9.29
2700	-9.27	-9.27	-9.28
2800	-9.54	-9.54	-9.55
2900	-9.33	-9.33	-9.34
3000	-9.51	-9.51	-9.52
3100	-9.64	-9.64	-9.65
3200	-9.51	-9.51	-9.52
3300	-9.67	-9.67	-9.68
3400	-9.48	-9.48	-9.49
3500	-9.71	-9.71	-9.72
3600	-10.02	-10.02	-10.03
3700	-9.73	-9.73	-9.74
3800	-9.95	-9.95	-9.96
3900	-9.95	-9.95	-9.96
4000	-10.11	-10.11	-10.12
4100	-9.88	-9.88	-9.89
4200	-10.03	-10.03	-10.05
4300	-9.96	-9.96	-9.98
4400	-9.86	-9.86	-9.87
4500	-10.06	-10.06	-10.07
4600	-9.99	-9.99	-10.00
4700	-9.99	-9.99	-10.00
4800	-9.98	-9.98	-9.99
4900	-10.13	-10.13	-10.15
5000	-9.91	-9.91	-9.94
5100	-9.73	-9.73	-9.75
5200	-9.77	-9.77	-9.79
5300	-9.71	-9.71	-9.74
5400	-9.83	-9.83	-9.86
5500	-9.65	-9.65	-9.68
5600	-9.76	-9.76	-9.80
5700	-9.81	-9.81	-9.84
5800	-9.69	-9.69	-9.72
5900	-9.65	-9.65	-9.69
6000	-9.51	-9.51	-9.55
6100	-9.36	-9.36	-9.40
6200	-9.84	-9.84	-9.88
6300	-9.52	-9.52	-9.57
6400	-9.74	-9.74	-9.78
6500	-9.61	-9.61	-9.66
6600	-9.45	-9.45	-9.49
6700	-9.30	-9.30	-9.34
6800	-9.23	-9.23	-9.28
6900	-9.44	-9.44	-9.49
7000	-9.13	-9.13	-9.18
7100	-9.10	-9.10	-9.15
7200	-9.19	-9.19	-9.25
7300	-9.55	-9.55	-9.60
7400	-9.31	-9.31	-9.37
7500	-9.22	-9.22	-9.28
7600	-9.38	-9.38	-9.45
7700	-9.18	-9.18	-9.25
7800	-9.06	-9.06	-9.13
7900	-8.83	-8.83	-8.91
8000	-9.15	-9.15	-9.23
8100	-8.87	-8.87	-8.96
8200	-9.06	-9.06	-9.15
8300	-8.95	-8.95	-9.05
8400	-8.89	-8.89	-9.00
8500	-8.89	-8.89	-9.01
8600	-8.72	-8.72	-8.85
8700	-8.74	-8.74	-8.87
8800	-8.87	-8.87	-9.02
8900	-9.04	-9.04	-9.19
9000	-8.91	-8.91	-9.07
9100	-8.76	-8.76	-8.93
9200	-8.75	-8.75	-8.94
9300	-8.73	-8.73	-8.92
9400	-8.64	-8.64	-8.85
9500	-8.62	-8.62	-8.84
9600	-8.69	-8.69	-8.92
9700	-8.66	-8.66	-8.90
9800	-8.49	-8.49	-8.74
9900	-8.27	-8.27	-8.53
10000	-8.49	-8.49	-8.76
10100	-8.51	-8.51	-8.79
10200	-8.52	-8.52	-8.81
10300	-8.51	-8.51	-8.81
10400	-8.49	-8.49	-8.80
10500	-8.34	-8.34	-8.66
10600	-8.44	-8.44	-8.78
10700	-8.14	-8.14	-8.49
10800	-8.01	-8.01	-8.36
10900	-8.34	-8.34	-8.71
11000	-8.46	-8.46	-8.84
11100	-8.34	-8.34	-8.73
11200	-8.26	-8.26	-8.66
11300	-8.22	-8.22	-8.64
11400	-8.32	-8.32	-8.75
11500	-8.33	-8.33	-8.77
11600	-8.22	-8.22	-8.68
11700	-8.55	-8.55	-9.02
11800	-8.29	-8.29	-8.77
11900	-8.23	-8.23	-8.72
12000	-8.19	-8.19	-8.69
12100	-8.07	-8.07	-8.60
12200	-7.98	-7.98	-8.51
12300	-7.56	-7.56	-8.11
12400	-7.58	-7.58	-8.14
12500	-7.73	-7.73	-8.30
12600	-7.72	-7.72	-8.30
12700	-7.82	-7.82	-8.41
12800	-7.68	-7.68	-8.29
12900	-7.74	-7.74	-8.36
13000	-7.51	-7.51	-8.14
13100	-7.67	-7.67	-8.31
13200	-7.89	-7.89	-8.54
13300	-7.86	-7.86	-8.53
13400	-8.03	-8.03	-8.71
13500	-7.99	-7.99	-8.68
13600	-7.94	-7.94	-8.64
13700	-7.47	-7.47	-8.18
13800	-7.98	-7.98	-8.71
13900	-7.87	-7.87	-8.60
14000	-7.86	-7.86	-8.61
14100	-7.95	-7.95	-8.71
14200	-7.61	-7.61	-8.38
14300	-7.87	-7.87	-8.65
14400	-7.69	-7.69	-8.48
14500	-7.49	-7.49	-8.29
14600	-7.26	-7.26	-8.07
14700	-7.40	-7.40	-8.22
14800	-7.19	-7.19	-8.02
14900	-7.11	-7.11	-7.94
15000	-6.96	-6.96	-7.81
15100	-6.79	-6.79	-7.65
15200	-6.87	-6.87	-7.73
15300	-6.90	-6.90	-7.77
15400	-6.92	-6.92	-7.79
15500	-6.93	-6.93	-7.81
15600	-6.84	-6.84	-7.73
15700	-7.01	-7.01	-7.91
15800	-6.90	-6.90	-7.81
15900	-6.82	-6.82	-7.73
16000	-6.98	-6.98	-7.89
16100	-6.99	-6.99	-7.91
16200	-7.16	-7.16	-8.08
16300	-7.18	-7.18	-8.11
16400	-7.21	-7.21	-8.15
16500	-7.19	-7.19	-8.13
16600	-7.25	-7.25	-8.20
16700	-7.27	-7.27	-8.22
16800	-7.21	-7.21	-8.17
16900	-7.56	-7.56	-8.52
17000	-7.33	-7.33	-8.29
17100	-7.34	-7.34	-8.31
17200	-7.48	-7.48	-8.45
17300	-7.53	-7.53	-8.50
17400	-7.33	-7.33	-8.31
17500	-7.38	-7.38	-8.36
17600	-7.50	-7.50	-8.48
17700	-7.58	-7.58	-8.56
17800	-7.70	-7.70	-8.69
17900	-7.60	-7.60	-8.59
18000	-7.47	-7.47	-8.46
18100	-7.45	-7.45	-8.45
18200	-7.50	-7.50	-8.50
18300	-7.57	-7.57	-8.57
18400	-7.55	-7.55	-8.55
18500	-7.63	-7.63	-8.64
18600	-7.55	-7.55	-8.57
18700	-7.56	-7.56	-8.57
18800	-7.52	-7.52	-8.54
18900	-7.62	-7.62	-8.64
19000	-7.69	-7.69	-8.71
19100	-7.63	-7.63	-8.66
19200	-7.66	-7.66	-8.69
19300	-7.88	-7.88	-8.91
19400	-7.62	-7.62	-8.65
19500	-7.72	-7.72	-8.75
19600	-7.65	-7.65	-8.68
19700	-7.78	-7.78	-8.82
19800	-7.73	-7.73	-8.76
19900	-7.74	-7.74	-8.78
20000	-7.76	-7.76	-8.80
20100	-7.84	-7.84	-8.87
20200	-7.88	-7.88	-8.91
20300	-7.80	-7.80	-8.84
20400	-7.76	-7.76	-8.79
20500	-7.73	-7.73	-8.76
20600	-7.69	-7.69	-8.72
20700	-7.59	-7.59	-8.62
20800	-7.61	-7.61	-8.64
20900	-7.63	-7.63	-8.65
21000	-7.60	-7.60	-8.63
21100	-7.61	-7.61	-8.63
21200	-7.60	-7.60	-8.62
21300	-7.56	-7.56	-8.58
21400	-7.59	-7.59	-8.61
21500	-7.54	-7.54	-8.56
21600	-7.45	-7.45	-8.46
21700	-7.53	-7.53	-8.54
21800	-7.66	-7.66	-8.67
21900	-7.68	-7.68	-8.68
22000	-7.66	-7.66	-8.66
22100	-7.62	-7.62	-8.63
22200	-7.75	-7.75	-8.75
22300	-7.77	-7.77	-8.77
22400	-7.70	-7.70	-8.70
22500	-7.65	-7.65	-8.65
22600	-7.66	-7.66	-8.66
22700	-7.68	-7.68	-8.68
22800	-7.73	-7.73	-8.73
22900	-7.69	-7.69	-8.68
23000	-7.71	-7.71	-8.71
23100	-7.67	-7.67	-8.67
23200	-7.57	-7.57	-8.56
23300	-7.37	-7.37	-8.36
23400	-7.40	-7.40	-8.39
23500	-7.55	-7.55	-8.54
23600	-7.52	-7.52	-8.51
23700	-7.38	-7.38	-8.37
23800	-7.41	-7.41	-8.39
23900	-7.42	-7.42	-8.40
24000	-7.19	-7.19	-8.17
24100	-7.33	-7.33	-8.30
24200	-7.43	-7.43	-8.40
24300	-7.31	-7.31	-8.28
24400	-7.53	-7.53	-8.49
24500	-7.75	-7.75	-8.71
24600	-7.85	-7.85	-8.80
24700	-7.80	-7.80	-8.75
24800	-7.85	-7.85	-8.80
24900	-7.95	-7.95	-8.89
25000	-7.94	-7.94	-8.88
25100	-7.93	-7.93	-8.86
25200	-7.96	-7.96	-8.89
25300	-8.04	-8.04	-8.96
25400	-8.04	-8.04	-8.96
25500	-7.98	-7.98	-8.90
25600	-7.77	-7.77	-8.68
25700	-7.93	-7.93	-8.84
25800	-7.99	-7.99	-8.90
25900	-8.11	-8.11	-9.01
26000	-8.09	-8.09	-8.99
26100	-8.13	-8.13	-9.02
26200	-8.09	-8.09	-8.98
26300	-8.08	-8.08	-8.97
26400	-8.15	-8.15	-9.03
26500	-8.27	-8.27	-9.15
26600	-8.10	-8.10	-8.97
26700	-8.35	-8.35	-9.22
26800	-8.22	-8.22	-9.09
26900	-8.28	-8.28	-9.14
27000	-8.14	-8.14	-9.00
27100	-8.07	-8.07	-8.92
27200	-7.99	-7.99	-8.84
27300	-7.91	-7.91	-8.75
27400	-7.81	-7.81	-8.65
27500	-7.70	-7.70	-8.53
27600	-7.89	-7.89	-8.72
27700	-7.99	-7.99	-8.81
27800	-8.00	-8.00	-8.82
27900	-8.11	-8.11	-8.92
28000	-8.08	-8.08	-8.89
28100	-8.04	-8.04	-8.84
28200	-8.00	-8.00	-8.80
28300	-8.00	-8.00	-8.79
28400	-7.97	-7.97	-8.75
28500	-7.96	-7.96	-8.74
28600	-7.99	-7.99	-8.76
28700	-7.89	-7.89	-8.66
28800	-7.85	-7.85	-8.61
28900	-7.92	-7.92	-8.67
29000	-7.81	-7.81	-8.55
29100	-7.84	-7.84	-8.58
29200	-7.79	-7.79	-8.53
29300	-7.72	-7.72	-8.45
29400	-7.60	-7.60	-8.33
29500	-7.66	-7.66	-8.38
29600	-7.59	-7.59	-8.30
29700	-7.76	-7.76	-8.47
29800	-8.12	-8.12	-8.82
29900	-8.07	-8.07	-8.77
30000	-8.10	-8.10	-8.80
30100	-8.15	-8.15	-8.85
30200	-8.29	-8.29	-8.98
30300	-8.08	-8.08	-8.77
30400	-8.22	-8.22	-8.91
30500	-8.13	-8.13	-8.81
30600	-8.12	-8.12	-8.80
30700	-8.15	-8.15	-8.83
30800	-8.17	-8.17	-8.85
30900	-8.14	-8.14	-8.82
31000	-8.12	-8.12	-8.80
31100	-8.17	-8.17	-8.84
31200	-8.12	-8.12	-8.79
31300	-7.87	-7.87	-8.55
31400	-8.01	-8.01	-8.68
31500	-8.10	-8.10	-8.77
31600	-7.94	-7.94	-8.61
31700	-7.85	-7.85	-8.52
31800	-7.82	-7.82	-8.49
31900	-7.78	-7.78	-8.45
32000	-7.66	-7.66	-8.33
32100	-8.01	-8.01	-8.68
32200	-8.32	-8.32	-8.99
32300	-8.23	-8.23	-8.90
32400	-8.12	-8.12	-8.79
32500	-8.24	-8.24	-8.91
32600	-8.15	-8.15	-8.82
32700	-8.18	-8.18	-8.85
32800	-8.02	-8.02	-8.69
32900	-8.13	-8.13	-8.80
33000	-8.05	-8.05	-8.72
33100	-999	-8.16	-8.83
33200	-8.27	-8.27	-8.94
33300	-8.21	-8.21	-8.88
33400	-8.27	-8.27	-8.94
33500	-8.19	-8.19	-8.86
33600	-8.14	-8.14	-8.81
33700	-8.14	-8.14	-8.81
33800	-8.15	-8.15	-8.82
33900	-8.05	-8.05	-8.72
34000	-7.98	-7.98	-8.65
34100	-8.12	-8.12	-8.79
34200	-8.18	-8.18	-8.85
34300	-8.03	-8.03	-8.70
34400	-999	-8.03	-8.71
34500	-999	-8.04	-8.71
34600	-8.04	-8.04	-8.72
34700	-8.10	-8.10	-8.78
34800	-8.10	-8.10	-8.78
34900	-8.07	-8.07	-8.75
35000	-8.06	-8.06	-8.74
35100	-8.17	-8.17	-8.85
35200	-8.10	-8.10	-8.78
35300	-8.04	-8.04	-8.72
35400	-8.08	-8.08	-8.76
35500	-8.13	-8.13	-8.81
35600	-8.02	-8.02	-8.70
35700	-8.05	-8.05	-8.73
35800	-8.04	-8.04	-8.71
35900	-8.11	-8.11	-8.78
36000	-8.12	-8.12	-8.79
36100	-7.95	-7.95	-8.62
36200	-7.98	-7.98	-8.64
36300	-7.94	-7.94	-8.60
36400	-8.11	-8.11	-8.77
36500	-7.99	-7.99	-8.64
36600	-7.98	-7.98	-8.63
36700	-8.12	-8.12	-8.76
36800	-7.99	-7.99	-8.63
36900	-8.10	-8.10	-8.73
37000	-8.11	-8.11	-8.74
37100	-8.04	-8.04	-8.66
37200	-8.10	-8.10	-8.72
37300	-8.08	-8.08	-8.69
37400	-7.95	-7.95	-8.56
37500	-7.98	-7.98	-8.58
37600	-7.97	-7.97	-8.56
37700	-7.99	-7.99	-8.58
37800	-7.97	-7.97	-8.55
37900	-8.07	-8.07	-8.65
38000	-8.05	-8.05	-8.62
38100	-8.00	-8.00	-8.56
38200	-8.09	-8.09	-8.65
38300	-7.91	-7.91	-8.46
38400	-8.05	-8.05	-8.60
38500	-7.88	-7.88	-8.42
38600	-7.92	-7.92	-8.46
38700	-7.94	-7.94	-8.48
38800	-999	-7.89	-8.42
38900	-7.84	-7.84	-8.37
39000	-7.93	-7.93	-8.46
39100	-7.84	-7.84	-8.37
39200	-7.74	-7.74	-8.27
39300	-7.27	-7.27	-7.80
39400	-7.46	-7.46	-7.99
39500	-7.69	-7.69	-8.22
39600	-7.76	-7.76	-8.29
39700	-7.87	-7.87	-8.40
39800	-8.04	-8.04	-8.57
39900	-8.01	-8.01	-8.55
40000	-8.04	-8.04	-8.57
40100	-8.01	-8.01	-8.55
40200	-8.15	-8.15	-8.70
40300	-8.26	-8.26	-8.81
40400	-8.29	-8.29	-8.84
40500	-8.22	-8.22	-8.77
40600	-8.21	-8.21	-8.77
40700	-8.18	-8.18	-8.74
40800	-8.09	-8.09	-8.65
40900	-8.25	-8.25	-8.82
41000	-8.23	-8.23	-8.80
41100	-8.34	-8.34	-8.91
41200	-8.18	-8.18	-8.76
41300	-8.23	-8.23	-8.81
41400	-8.29	-8.29	-8.87
41500	-8.60	-8.60	-9.18
41600	-8.78	-8.78	-9.37
41700	-8.64	-8.64	-9.23
41800	-8.56	-8.56	-9.15
41900	-8.22	-8.22	-8.82
42000	-999	-8.37	-8.97
42100	-8.52	-8.52	-9.12
42200	-8.60	-8.60	-9.21
42300	-999	-8.64	-9.24
42400	-8.67	-8.67	-9.28
42500	-8.51	-8.51	-9.13
42600	-8.58	-8.58	-9.20
42700	-999	-8.63	-9.25
42800	-8.68	-8.68	-9.30
42900	-8.55	-8.55	-9.18
43000	-8.37	-8.37	-9.00
43100	-999	-8.50	-9.13
43200	-8.62	-8.62	-9.25
43300	-8.42	-8.42	-9.05
43400	-8.30	-8.30	-8.94
43500	-999	-8.31	-8.94
43600	-8.31	-8.31	-8.95
43700	-8.19	-8.19	-8.83
43800	-8.11	-8.11	-8.75
43900	-999	-8.14	-8.77
44000	-8.16	-8.16	-8.80
44100	-8.25	-8.25	-8.89
44200	-8.29	-8.29	-8.93
44300	-999	-8.44	-9.07
44400	-8.58	-8.58	-9.22
44500	-8.66	-8.66	-9.30
44600	-8.32	-8.32	-8.96
44700	-8.57	-8.57	-9.20
44800	-999	-8.47	-9.10
44900	-8.37	-8.37	-9.00
45000	-8.76	-8.76	-9.39
45100	-8.38	-8.38	-9.01
45200	-8.31	-8.31	-8.93
45300	-8.68	-8.68	-9.30
45400	-999	-8.61	-9.23
45500	-8.54	-8.54	-9.16
45600	-8.77	-8.77	-9.39
45700	-8.93	-8.93	-9.54
45800	-8.57	-8.57	-9.18
45900	-999	-8.60	-9.21
46000	-8.62	-8.62	-9.23
46100	-8.88	-8.88	-9.49
46200	-8.63	-8.63	-9.24
46300	-8.34	-8.34	-8.95
46400	-8.30	-8.30	-8.91
46500	-8.60	-8.60	-9.21
46600	-8.34	-8.34	-8.95
46700	-8.33	-8.33	-8.94
46800	-8.32	-8.32	-8.94
46900	-999	-8.36	-8.98
47000	-999	-8.40	-9.02
47100	-8.44	-8.44	-9.06
47200	-8.35	-8.35	-8.97
47300	-8.18	-8.18	-8.80
47400	-7.96	-7.96	-8.59
47500	-8.09	-8.09	-8.72
47600	-7.90	-7.90	-8.53
47700	-7.91	-7.91	-8.54
47800	-8.09	-8.09	-8.72
47900	-8.13	-8.13	-8.76
48000	-7.99	-7.99	-8.62
48100	-7.86	-7.86	-8.49
48200	-999	-7.70	-8.32
48300	-7.53	-7.53	-8.16
48400	-7.55	-7.55	-8.18
48500	-8.15	-8.15	-8.78
48600	-8.39	-8.39	-9.01
48700	-8.47	-8.47	-9.09
48800	-8.17	-8.17	-8.79
48900	-999	-8.29	-8.91
49000	-8.41	-8.41	-9.03
49100	-8.50	-8.50	-9.12
49200	-8.51	-8.51	-9.13
49300	-999	-8.53	-9.15
49400	-8.55	-8.55	-9.17
49500	-8.72	-8.72	-9.33
49600	-8.67	-8.67	-9.28
49700	-999	-8.63	-9.24
49800	-8.58	-8.58	-9.19
49900	-8.71	-8.71	-9.32
50000	-999	-8.72	-9.33
50100	-999	-8.72	-9.33
50200	-8.73	-8.73	-9.34
50300	-999	-8.76	-9.36
50400	-999	-8.79	-9.39
50500	-8.82	-8.82	-9.42
50600	-999	-8.64	-9.24
50700	-8.46	-8.46	-9.06
50800	-999	-8.52	-9.11
50900	-999	-8.58	-9.17
51000	-8.64	-8.64	-9.23
51100	-999	-8.58	-9.17
51200	-999	-8.52	-9.10
51300	-8.46	-8.46	-9.04
51400	-999	-8.52	-9.10
51500	-8.58	-8.58	-9.15
51600	-999	-8.52	-9.09
51700	-999	-8.47	-9.03
51800	-8.41	-8.41	-8.97
51900	-999	-8.45	-9.00
52000	-999	-8.49	-9.04
52100	-8.53	-8.53	-9.07
52200	-999	-8.56	-9.10
52300	-999	-8.60	-9.13
52400	-8.63	-8.63	-9.16
52500	-999	-8.59	-9.10
52600	-8.54	-8.54	-9.05
52700	-999	-8.50	-9.01
52800	-999	-8.47	-8.97
52900	-8.43	-8.43	-8.93
53000	-999	-8.41	-8.90
53100	-999	-8.40	-8.88
53200	-8.38	-8.38	-8.86
53300	-999	-8.37	-8.84
53400	-999	-8.35	-8.82
53500	-8.34	-8.34	-8.81
53600	-999	-8.33	-8.79
53700	-8.31	-8.31	-8.77
53800	-999	-8.35	-8.81
53900	-999	-8.40	-8.85
54000	-8.44	-8.44	-8.89
54100	-999	-8.35	-8.79
54200	-999	-8.25	-8.70
54300	-8.16	-8.16	-8.60
54400	-999	-8.11	-8.55
54500	-8.06	-8.06	-8.50
54600	-999	-8.05	-8.49
54700	-999	-8.04	-8.48
54800	-8.03	-8.03	-8.47
54900	-999	-8.17	-8.60
55000	-8.30	-8.30	-8.74
55100	-999	-8.30	-8.74
55200	-8.29	-8.29	-8.73
55300	-999	-8.31	-8.75
55400	-8.32	-8.32	-8.77
55500	-999	-8.37	-8.82
55600	-8.42	-8.42	-8.88
55700	-999	-8.38	-8.84
55800	-999	-8.35	-8.81
55900	-8.31	-8.31	-8.78
56000	-999	-8.36	-8.83
56100	-8.40	-8.40	-8.87
56200	-999	-8.34	-8.81
56300	-8.27	-8.27	-8.75
56400	-999	-8.30	-8.78
56500	-8.32	-8.32	-8.81
56600	-999	-8.35	-8.84
56700	-8.38	-8.38	-8.87
56800	-999	-8.47	-8.96
56900	-999	-8.55	-9.05
57000	-8.64	-8.64	-9.14
57100	-999	-8.55	-9.05
57200	-8.46	-8.46	-8.96
57300	-999	-8.34	-8.84
57400	-8.21	-8.21	-8.72
57500	-999	-8.29	-8.80
57600	-8.37	-8.37	-8.88
57700	-999	-8.35	-8.86
57800	-8.33	-8.33	-8.84
57900	-999	-8.27	-8.78
58000	-999	-8.21	-8.72
58100	-8.15	-8.15	-8.66
58200	-999	-8.25	-8.76
58300	-8.35	-8.35	-8.86
58400	-999	-8.31	-8.81
58500	-8.27	-8.27	-8.77
58600	-999	-8.26	-8.75
58700	-8.24	-8.24	-8.73
58800	-999	-8.19	-8.68
58900	-8.14	-8.14	-8.62
59000	-999	-8.09	-8.57
59100	-999	-8.05	-8.52
59200	-8.00	-8.00	-8.47
59300	-999	-7.88	-8.35
59400	-7.76	-7.76	-8.22
59500	-999	-7.68	-8.13
59600	-7.60	-7.60	-8.05
59700	-999	-7.64	-8.09
59800	-999	-7.69	-8.13
59900	-7.73	-7.73	-8.16
60000	-999	-7.71	-8.14
60100	-999	-7.70	-8.12
60200	-999	-7.68	-8.10
60300	-7.66	-7.66	-8.08
60400	-999	-7.72	-8.14
60500	-999	-7.79	-8.20
60600	-7.85	-7.85	-8.26
60700	-999	-7.87	-8.28
60800	-999	-7.90	-8.30
60900	-999	-7.92	-8.33
61000	-7.94	-7.94	-8.35
61100	-999	-7.88	-8.29
61200	-999	-7.83	-8.24
61300	-999	-7.77	-8.18
61400	-7.71	-7.71	-8.13
61500	-999	-7.71	-8.13
61600	-999	-7.70	-8.13
61700	-999	-7.70	-8.13
61800	-7.69	-7.69	-8.13
61900	-8.16	-8.16	-8.61
62000	-999	-8.11	-8.57
62100	-8.06	-8.06	-8.53
62200	-999	-8.08	-8.55
62300	-8.09	-8.09	-8.58
62400	-999	-8.09	-8.59
62500	-8.08	-8.08	-8.59
62600	-999	-8.12	-8.64
62700	-8.16	-8.16	-8.69
62800	-999	-8.26	-8.80
62900	-8.35	-8.35	-8.91
63000	-999	-8.22	-8.78
63100	-8.08	-8.08	-8.66
63200	-999	-8.24	-8.83
63300	-8.39	-8.39	-8.99
63400	-999	-8.33	-8.94
63500	-8.26	-8.26	-8.88
63600	-999	-8.44	-9.07
63700	-8.61	-8.61	-9.25
63800	-999	-8.43	-9.08
63900	-8.25	-8.25	-8.91
64000	-999	-8.25	-8.91
64100	-8.24	-8.24	-8.92
64200	-999	-8.30	-8.98
64300	-8.36	-8.36	-9.05
64400	-999	-8.43	-9.13
64500	-8.50	-8.50	-9.20
64600	-999	-8.49	-9.20
64700	-8.48	-8.48	-9.19
64800	-999	-8.48	-9.19
64900	-999	-8.48	-9.20
65000	-999	-8.48	-9.20
65100	-8.48	-8.48	-9.20
65200	-999	-8.43	-9.15
65300	-8.37	-8.37	-9.09
65400	-999	-8.45	-9.17
65500	-8.53	-8.53	-9.25
65600	-999	-8.47	-9.19
65700	-8.40	-8.40	-9.12
65800	-999	-8.55	-9.27
65900	-8.70	-8.70	-9.42
66000	-999	-8.63	-9.34
66100	-8.55	-8.55	-9.27
66200	-999	-8.57	-9.28
66300	-8.58	-8.58	-9.29
66400	-999	-8.52	-9.23
66500	-8.46	-8.46	-9.17
66600	-999	-8.50	-9.20
66700	-8.54	-8.54	-9.24
66800	-999	-8.48	-9.17
66900	-8.41	-8.41	-9.10
67000	-999	-8.51	-9.20
67100	-8.61	-8.61	-9.30
67200	-999	-8.64	-9.32
67300	-8.67	-8.67	-9.35
67400	-999	-8.76	-9.44
67500	-8.85	-8.85	-9.52
67600	-999	-8.93	-9.60
67700	-9.01	-9.01	-9.68
67800	-999	-8.97	-9.63
67900	-8.93	-8.93	-9.59
68000	-999	-8.90	-9.56
68100	-8.87	-8.87	-9.53
68200	-999	-8.92	-9.58
68300	-8.97	-8.97	-9.62
68400	-999	-9.04	-9.69
68500	-9.11	-9.11	-9.76
68600	-999	-8.98	-9.63
68700	-8.85	-8.85	-9.50
68800	-999	-8.82	-9.47
68900	-8.78	-8.78	-9.43
69000	-999	-8.92	-9.56
69100	-9.05	-9.05	-9.70
69200	-999	-8.94	-9.59
69300	-8.83	-8.83	-9.48
69400	-999	-8.94	-9.58
69500	-9.04	-9.04	-9.69
69600	-999	-9.02	-9.66
69700	-9.00	-9.00	-9.64
69800	-999	-9.01	-9.65
69900	-9.01	-9.01	-9.65
70000	-999	-9.07	-9.71
70100	-9.13	-9.13	-9.77
70200	-999	-9.25	-9.89
70300	-9.37	-9.37	-10.00
70400	-999	-9.40	-10.03
70500	-9.42	-9.42	-10.05
70600	-999	-9.47	-10.09
70700	-9.51	-9.51	-10.13
70800	-999	-9.56	-10.18
70900	-9.60	-9.60	-10.22
71000	-999	-9.68	-10.30
71100	-9.76	-9.76	-10.38
71200	-999	-9.75	-10.36
71300	-9.73	-9.73	-10.35
71400	-999	-9.71	-10.32
71500	-9.68	-9.68	-10.29
71600	-999	-9.66	-10.27
71700	-9.64	-9.64	-10.25
71800	-999	-9.22	-9.83
71900	-8.80	-8.80	-9.40
72000	-999	-8.72	-9.32
72100	-999	-8.64	-9.23
72200	-8.56	-8.56	-9.15
72300	-999	-8.61	-9.19
72400	-8.66	-8.66	-9.23
72500	-999	-8.60	-9.17
72600	-999	-8.54	-9.10
72700	-8.48	-8.48	-9.03
72800	-999	-8.57	-9.10
72900	-8.65	-8.65	-9.17
73000	-999	-8.83	-9.34
73100	-9.01	-9.01	-9.51
73200	-999	-9.05	-9.53
73300	-9.09	-9.09	-9.56
73400	-999	-9.34	-9.79
73500	-999	-9.59	-10.03
73600	-9.84	-9.84	-10.27
73700	-999	-9.92	-10.33
73800	-10.00	-10.00	-10.40
73900	-10.37	-10.37	-10.76
74000	-10.13	-10.13	-10.51
74100	-10.31	-10.31	-10.68
74200	-10.20	-10.20	-10.56
74300	-10.18	-10.18	-10.54
74400	-10.06	-10.06	-10.41
74500	-10.38	-10.38	-10.73
74600	-10.33	-10.33	-10.68
74700	-10.25	-10.25	-10.59
74800	-10.27	-10.27	-10.61
74900	-10.43	-10.43	-10.77
75000	-10.33	-10.33	-10.67
75100	-10.20	-10.20	-10.54
75200	-10.43	-10.43	-10.77
75300	-10.23	-10.23	-10.57
75400	-10.13	-10.13	-10.47
75500	-10.11	-10.11	-10.45
75600	-10.17	-10.17	-10.51
75700	-9.90	-9.90	-10.24
75800	-10.16	-10.16	-10.50
75900	-9.57	-9.57	-9.91
76000	-9.85	-9.85	-10.19
76100	-9.52	-9.52	-9.86
76200	-9.56	-9.56	-9.90
76300	-9.05	-9.05	-9.39
76400	-9.17	-9.17	-9.50
76500	-9.29	-9.29	-9.62
76600	-9.33	-9.33	-9.66
76700	-9.26	-9.26	-9.58
76800	-9.31	-9.31	-9.63
76900	-9.36	-9.36	-9.68
77000	-9.52	-9.52	-9.83
77100	-9.15	-9.15	-9.46
77200	-9.54	-9.54	-9.84
77300	-9.84	-9.84	-10.13
77400	-9.64	-9.64	-9.93
77500	-9.44	-9.44	-9.72
77600	-9.72	-9.72	-10.00
77700	-9.67	-9.67	-9.94
77800	-9.59	-9.59	-9.85
77900	-9.67	-9.67	-9.93
78000	-9.54	-9.54	-9.79
78100	-9.61	-9.61	-9.86
78200	-9.69	-9.69	-9.93
78300	-9.46	-9.46	-9.69
78400	-9.44	-9.44	-9.67
78500	-9.46	-9.46	-9.68
78600	-9.57	-9.57	-9.79
78700	-9.22	-9.22	-9.43
78800	-9.36	-9.36	-9.57
78900	-9.17	-9.17	-9.38
79000	-9.25	-9.25	-9.45
79100	-9.28	-9.28	-9.48
79200	-9.25	-9.25	-9.44
79300	-9.28	-9.28	-9.47
79400	-9.21	-9.21	-9.40
79500	-9.07	-9.07	-9.25
79600	-9.15	-9.15	-9.33
79700	-9.19	-9.19	-9.37
79800	-9.06	-9.06	-9.24
79900	-8.94	-8.94	-9.11
80000	-9.16	-9.16	-9.33
80100	-9.08	-9.08	-9.25
80200	-8.99	-8.99	-9.16
80300	-8.85	-8.85	-9.02
80400	-8.85	-8.85	-9.02
80500	-8.93	-8.93	-9.10
80600	-8.94	-8.94	-9.10
80700	-9.02	-9.02	-9.18
80800	-9.03	-9.03	-9.19
80900	-8.91	-8.91	-9.07
81000	-8.81	-8.81	-8.97
81100	-8.98	-8.98	-9.14
81200	-8.81	-8.81	-8.97
81300	-9.19	-9.19	-9.35
81400	-9.05	-9.05	-9.21
81500	-9.00	-9.00	-9.16
81600	-8.98	-8.98	-9.14
81700	-8.77	-8.77	-8.93
81800	-9.00	-9.00	-9.16
81900	-8.79	-8.79	-8.95
82000	-8.96	-8.96	-9.12
82100	-8.94	-8.94	-9.10
82200	-8.86	-8.86	-9.03
82300	-8.89	-8.89	-9.06
82400	-9.05	-9.05	-9.22
82500	-8.90	-8.90	-9.07
82600	-8.75	-8.75	-8.93
82700	-8.71	-8.71	-8.89
82800	-8.71	-8.71	-8.89
82900	-8.72	-8.72	-8.91
83000	-8.69	-8.69	-8.88
83100	-8.74	-8.74	-8.94
83200	-8.50	-8.50	-8.70
83300	-8.64	-8.64	-8.84
83400	-8.75	-8.75	-8.96
83500	-8.40	-8.40	-8.61
83600	-8.46	-8.46	-8.68
83700	-8.51	-8.51	-8.73
83800	-8.42	-8.42	-8.65
83900	-8.38	-8.38	-8.62
84000	-8.56	-8.56	-8.80
84100	-8.37	-8.37	-8.62
84200	-8.26	-8.26	-8.51
84300	-8.58	-8.58	-8.84
84400	-8.62	-8.62	-8.89
84500	-8.55	-8.55	-8.82
84600	-8.36	-8.36	-8.64
84700	-8.49	-8.49	-8.77
84800	-8.45	-8.45	-8.74
84900	-8.54	-8.54	-8.84
85000	-8.58	-8.58	-8.88
85100	-8.46	-8.46	-8.77
85200	-8.48	-8.48	-8.79
85300	-8.44	-8.44	-8.76
85400	-8.41	-8.41	-8.73
85500	-8.45	-8.45	-8.78
85600	-8.41	-8.41	-8.74
85700	-8.52	-8.52	-8.86
85800	-8.53	-8.53	-8.87
85900	-8.46	-8.46	-8.81
86000	-8.39	-8.39	-8.74
86100	-8.53	-8.53	-8.89
86200	-8.56	-8.56	-8.92
86300	-8.59	-8.59	-8.96
86400	-8.57	-8.57	-8.94
86500	-8.56	-8.56	-8.94
86600	-8.64	-8.64	-9.02
86700	-8.50	-8.50	-8.89
86800	-8.36	-8.36	-8.75
86900	-8.55	-8.55	-8.95
87000	-8.53	-8.53	-8.93
87100	-8.49	-8.49	-8.89
87200	-8.55	-8.55	-8.96
87300	-8.48	-8.48	-8.89
87400	-8.53	-8.53	-8.94
87500	-8.45	-8.45	-8.86
87600	-8.68	-8.68	-9.09
87700	-8.52	-8.52	-8.93
87800	-8.58	-8.58	-8.99
87900	-8.58	-8.58	-8.99
88000	-8.49	-8.49	-8.90
88100	-8.61	-8.61	-9.02
88200	-8.54	-8.54	-8.95
88300	-8.59	-8.59	-9.00
88400	-8.40	-8.40	-8.81
88500	-8.53	-8.53	-8.94
88600	-8.75	-8.75	-9.16
88700	-9.07	-9.07	-9.48
88800	-999	-9.01	-9.42
88900	-8.94	-8.94	-9.35
89000	-8.92	-8.92	-9.33
89100	-9.07	-9.07	-9.48
89200	-9.18	-9.18	-9.59
89300	-9.13	-9.13	-9.54
89400	-9.03	-9.03	-9.44
89500	-8.97	-8.97	-9.38
89600	-8.99	-8.99	-9.39
89700	-9.03	-9.03	-9.43
89800	-9.13	-9.13	-9.53
89900	-8.93	-8.93	-9.33
90000	-8.89	-8.89	-9.29
90100	-9.08	-9.08	-9.48
90200	-9.12	-9.12	-9.52
90300	-9.09	-9.09	-9.49
90400	-9.11	-9.11	-9.51
90500	-9.07	-9.07	-9.47
90600	-8.97	-8.97	-9.37
90700	-9.10	-9.10	-9.49
90800	-9.05	-9.05	-9.44
90900	-999	-9.03	-9.42
91000	-999	-9.01	-9.40
91100	-8.99	-8.99	-9.38
91200	-999	-8.85	-9.24
91300	-8.71	-8.71	-9.09
91400	-8.84	-8.84	-9.22
91500	-9.16	-9.16	-9.54
91600	-9.08	-9.08	-9.45
91700	-9.05	-9.05	-9.42
91800	-8.98	-8.98	-9.35
91900	-8.94	-8.94	-9.30
92000	-8.97	-8.97	-9.33
92100	-9.03	-9.03	-9.39
92200	-9.02	-9.02	-9.37
92300	-8.97	-8.97	-9.32
92400	-9.11	-9.11	-9.46
92500	-9.30	-9.30	-9.64
92600	-9.29	-9.29	-9.63
92700	-8.96	-8.96	-9.29
92800	-9.02	-9.02	-9.35
92900	-9.18	-9.18	-9.51
93000	-9.27	-9.27	-9.59
93100	-9.22	-9.22	-9.54
93200	-9.06	-9.06	-9.37
93300	-9.04	-9.04	-9.35
93400	-8.94	-8.94	-9.24
93500	-8.93	-8.93	-9.23
93600	-8.86	-8.86	-9.15
93700	-8.90	-8.90	-9.19
93800	-9.05	-9.05	-9.33
93900	-9.05	-9.05	-9.33
94000	-8.94	-8.94	-9.21
94100	-9.03	-9.03	-9.30
94200	-9.03	-9.03	-9.29
94300	-9.31	-9.31	-9.57
94400	-8.92	-8.92	-9.17
94500	-9.13	-9.13	-9.38
94600	-9.06	-9.06	-9.30
94700	-9.07	-9.07	-9.31
94800	-9.04	-9.04	-9.28
94900	-9.15	-9.15	-9.38
95000	-9.05	-9.05	-9.28
95100	-9.05	-9.05	-9.28
95200	-8.98	-8.98	-9.21
95300	-9.07	-9.07	-9.29
95400	-9.08	-9.08	-9.30
95500	-9.00	-9.00	-9.22
95600	-9.07	-9.07	-9.29
95700	-9.05	-9.05	-9.27
95800	-9.13	-9.13	-9.35
95900	-9.27	-9.27	-9.49
96000	-9.35	-9.35	-9.57
96100	-9.33	-9.33	-9.55
96200	-9.22	-9.22	-9.44
96300	-9.31	-9.31	-9.54
96400	-9.42	-9.42	-9.65
96500	-9.33	-9.33	-9.56
96600	-9.15	-9.15	-9.38
96700	-9.56	-9.56	-9.80
96800	-9.37	-9.37	-9.61
96900	-9.38	-9.38	-9.62
97000	-9.46	-9.46	-9.70
97100	-9.60	-9.60	-9.84
97200	-9.39	-9.39	-9.63
97300	-9.60	-9.60	-9.85
97400	-9.51	-9.51	-9.76
97500	-9.37	-9.37	-9.62
97600	-9.59	-9.59	-9.84
97700	-9.65	-9.65	-9.90
97800	-9.59	-9.59	-9.83
97900	-9.56	-9.56	-9.80
98000	-9.47	-9.47	-9.71
98100	-9.68	-9.68	-9.92
98200	-9.73	-9.73	-9.97
98300	-9.66	-9.66	-9.89
98400	-9.66	-9.66	-9.89
98500	-9.67	-9.67	-9.90
98600	-9.67	-9.67	-9.89
98700	-9.66	-9.66	-9.88
98800	-9.46	-9.46	-9.68
98900	-9.57	-9.57	-9.78
99000	-9.64	-9.64	-9.85
99100	-9.57	-9.57	-9.78
99200	-9.40	-9.40	-9.61
99300	-9.07	-9.07	-9.27
99400	-9.12	-9.12	-9.32
99500	-9.25	-9.25	-9.45
99600	-9.51	-9.51	-9.71
99700	-9.65	-9.65	-9.85
99800	-9.24	-9.24	-9.43
99900	-9.27	-9.27	-9.46
100000	-9.26	-9.26	-9.45
103400	-8.42	-8.42	-8.61
103500	-8.47	-8.47	-8.66
103600	-8.30	-8.30	-8.49
103700	-8.28	-8.28	-8.47
103800	-8.24	-8.24	-8.43
103900	-8.39	-8.39	-8.58
104000	-8.15	-8.15	-8.33
104100	-8.14	-8.14	-8.32
104200	-8.05	-8.05	-8.23
104300	-7.79	-7.79	-7.97
104400	-7.99	-7.99	-8.17
104500	-8.19	-8.19	-8.37
104600	-7.84	-7.84	-8.02
104700	-7.89	-7.89	-8.06
104800	-8.29	-8.29	-8.46
104900	-8.31	-8.31	-8.48
105000	-8.15	-8.15	-8.32
105100	-8.36	-8.36	-8.53
105200	-7.94	-7.94	-8.11
105300	-8.08	-8.08	-8.25
105400	-8.23	-8.23	-8.40
105500	-8.00	-8.00	-8.18
105600	-7.94	-7.94	-8.12
105700	-8.04	-8.04	-8.22
105800	-8.08	-8.08	-8.27
105900	-7.89	-7.89	-8.08
106000	-8.02	-8.02	-8.21
106100	-8.00	-8.00	-8.20
106200	-7.99	-7.99	-8.19
106300	-8.26	-8.26	-8.47
106400	-8.46	-8.46	-8.67
106500	-8.29	-8.29	-8.50
106600	-8.54	-8.54	-8.76
106700	-8.16	-8.16	-8.38
106800	-8.14	-8.14	-8.37
106900	-8.32	-8.32	-8.55
107000	-8.05	-8.05	-8.28
107100	-8.06	-8.06	-8.29
107200	-8.20	-8.20	-8.44
107300	-8.12	-8.12	-8.36
107400	-8.28	-8.28	-8.53
107500	-8.07	-8.07	-8.32
107600	-8.19	-8.19	-8.44
107700	-8.21	-8.21	-8.46
107800	-8.15	-8.15	-8.40
107900	-8.36	-8.36	-8.62
108000	-8.51	-8.51	-8.77
108100	-8.32	-8.32	-8.58
108200	-8.32	-8.32	-8.58
108300	-8.46	-8.46	-8.72
108400	-8.48	-8.48	-8.74
108500	-8.46	-8.46	-8.73
108600	-8.63	-8.63	-8.90
108700	-8.64	-8.64	-8.91
108800	-8.51	-8.51	-8.78
108900	-8.37	-8.37	-8.64
109000	-999	-8.48	-8.75
109100	-8.58	-8.58	-8.86
109200	-8.71	-8.71	-8.99
109300	-999	-8.70	-8.98
109400	-999	-8.69	-8.97
109500	-999	-8.68	-8.97
109600	-999	-8.67	-8.96
109700	-999	-8.66	-8.96
109800	-8.65	-8.65	-8.95
109900	-999	-8.67	-8.98
110000	-999	-8.69	-9.00
110100	-8.71	-8.71	-9.03
110200	-999	-8.69	-9.01
110300	-999	-8.66	-8.99
110400	-8.64	-8.64	-8.97
110500	-999	-8.73	-9.06
110600	-999	-8.81	-9.15
110700	-999	-8.90	-9.24
110800	-8.98	-8.98	-9.33
110900	-999	-8.93	-9.29
111000	-999	-8.88	-9.24
111100	-8.83	-8.83	-9.20
111200	-999	-8.82	-9.19
111300	-999	-8.81	-9.18
111400	-8.80	-8.80	-9.18
111500	-999	-8.84	-9.22
111600	-999	-8.89	-9.27
111700	-8.93	-8.93	-9.31
111800	-999	-8.88	-9.26
111900	-999	-8.83	-9.21
112000	-8.78	-8.78	-9.16
112100	-999	-8.71	-9.09
112200	-999	-8.64	-9.02
112300	-8.57	-8.57	-8.95
112400	-999	-8.57	-8.95
112500	-999	-8.56	-8.94
112600	-8.56	-8.56	-8.94
112700	-999	-8.61	-8.99
112800	-999	-8.67	-9.05
112900	-8.72	-8.72	-9.10
113000	-999	-8.76	-9.14
113100	-999	-8.80	-9.18
113200	-8.84	-8.84	-9.22
113300	-999	-8.86	-9.24
113400	-999	-8.87	-9.25
113500	-8.89	-8.89	-9.27
113600	-999	-8.90	-9.28
113700	-999	-8.90	-9.28
113800	-8.91	-8.91	-9.29
113900	-8.86	-8.86	-9.24
114000	-8.84	-8.84	-9.21
114100	-8.84	-8.84	-9.21
114200	-9.01	-9.01	-9.38
114300	-8.96	-8.96	-9.33
114400	-8.84	-8.84	-9.20
114500	-9.07	-9.07	-9.43
114600	-9.06	-9.06	-9.42
114700	-9.02	-9.02	-9.37
114800	-9.00	-9.00	-9.35
114900	-8.63	-8.63	-8.97
115000	-8.71	-8.71	-9.04
115100	-8.72	-8.72	-9.05
115200	-8.72	-8.72	-9.04
115300	-8.73	-8.73	-9.04
115400	-8.74	-8.74	-9.04
115500	-8.68	-8.68	-8.98
115600	-8.71	-8.71	-9.00
115700	-8.70	-8.70	-8.98
115800	-8.73	-8.73	-9.00
115900	-8.63	-8.63	-8.89
116000	-8.74	-8.74	-8.99
116100	-8.54	-8.54	-8.78
116200	-8.59	-8.59	-8.82
116300	-8.52	-8.52	-8.74
116400	-8.39	-8.39	-8.60
116500	-8.37	-8.37	-8.58
116600	-8.37	-8.37	-8.57
116700	-8.36	-8.36	-8.55
116800	-8.38	-8.38	-8.56
116900	-8.41	-8.41	-8.59
117000	-8.39	-8.39	-8.56
117100	-8.39	-8.39	-8.56
117200	-8.41	-8.41	-8.57
117300	-8.40	-8.40	-8.56
117400	-8.38	-8.38	-8.53
117500	-8.40	-8.40	-8.55
117600	-8.43	-8.43	-8.58
117700	-8.39	-8.39	-8.53
117800	-8.33	-8.33	-8.47
117900	-8.39	-8.39	-8.53
118000	-8.40	-8.40	-8.54
118100	-8.50	-8.50	-8.63
118200	-8.47	-8.47	-8.60
118300	-8.51	-8.51	-8.64
118400	-8.62	-8.62	-8.75
118500	-8.56	-8.56	-8.68
118600	-8.75	-8.75	-8.87
118700	-8.49	-8.49	-8.61
118800	-8.65	-8.65	-8.76
118900	-8.67	-8.67	-8.78
119000	-8.62	-8.62	-8.73
119100	-8.63	-8.63	-8.74
119200	-8.79	-8.79	-8.89
119300	-8.78	-8.78	-8.88
119400	-8.88	-8.88	-8.98
119500	-9.05	-9.05	-9.14
119600	-9.16	-9.16	-9.25
119700	-9.21	-9.21	-9.30
119800	-9.28	-9.28	-9.37
119900	-9.26	-9.26	-9.34
120000	-9.46	-9.46	-9.54
120100	-9.64	-9.64	-9.72
120200	-9.72	-9.72	-9.79
120300	-9.61	-9.61	-9.68
120400	-9.42	-9.42	-9.48
120500	-9.41	-9.41	-9.47
120600	-9.36	-9.36	-9.42
120700	-9.40	-9.40	-9.45
120800	-9.49	-9.49	-9.54
120900	-9.50	-9.50	-9.54
121000	-9.43	-9.43	-9.47
121100	-9.46	-9.46	-9.50
121200	-9.09	-9.09	-9.12
121300	-999	-8.95	-8.98
121400	-8.81	-8.81	-8.84
121500	-8.71	-8.71	-8.73
121600	-8.71	-8.71	-8.73
121700	-8.72	-8.72	-8.74
121800	-8.67	-8.67	-8.69
121900	-8.84	-8.84	-8.86
122000	-8.69	-8.69	-8.70
122100	-8.58	-8.58	-8.59
122200	-8.69	-8.69	-8.70
122300	-8.57	-8.57	-8.58
122400	-8.51	-8.51	-8.52
122500	-8.50	-8.50	-8.51
122600	-8.52	-8.52	-8.53
122700	-8.54	-8.54	-8.55
122800	-8.51	-8.51	-8.52
122900	-8.49	-8.49	-8.50
123000	-8.46	-8.46	-8.47
123100	-999	-8.40	-8.41
123200	-8.34	-8.34	-8.35
123300	-8.35	-8.35	-8.36
123400	-8.37	-8.37	-8.38
123500	-8.62	-8.62	-8.63
123600	-999	-8.55	-8.56
123700	-8.48	-8.48	-8.49
123800	-8.46	-8.46	-8.46
123900	-8.41	-8.41	-8.41
124000	-8.38	-8.38	-8.38
124100	-8.48	-8.48	-8.48
124200	-8.45	-8.45	-8.44
124300	-8.44	-8.44	-8.43
124400	-8.41	-8.41	-8.40
124500	-8.40	-8.40	-8.39
124600	-8.40	-8.40	-8.38
124700	-8.47	-8.47	-8.45
124800	-8.33	-8.33	-8.31
124900	-8.44	-8.44	-8.42
125000	-999	-8.38	-8.35
125100	-8.31	-8.31	-8.28
125200	-999	-8.36	-8.33
125300	-8.41	-8.41	-8.38
125400	-8.17	-8.17	-8.14
125500	-999	-8.20	-8.16
125600	-8.22	-8.22	-8.19
125700	-999	-8.22	-8.19
125800	-999	-8.22	-8.19
125900	-8.22	-8.22	-8.19
126000	-999	-8.06	-8.02
126100	-7.89	-7.89	-7.85
126200	-8.01	-8.01	-7.97
126300	-999	-7.85	-7.81
126400	-7.68	-7.68	-7.64
126500	-8.03	-8.03	-7.99
126600	-999	-7.82	-7.77
126700	-7.60	-7.60	-7.56
126800	-8.13	-8.13	-8.09
126900	-7.78	-7.78	-7.74
127000	-999	-7.93	-7.88
127100	-8.08	-8.08	-8.03
127200	-7.83	-7.83	-7.78
127300	-7.93	-7.93	-7.88
127400	-999	-7.90	-7.85
127500	-7.86	-7.86	-7.81
127600	-999	-7.84	-7.79
127700	-7.81	-7.81	-7.76
127800	-7.46	-7.46	-7.41
127900	-7.58	-7.58	-7.53
128000	-7.38	-7.38	-7.33
128100	-7.44	-7.44	-7.39
128200	-7.24	-7.24	-7.19
128300	-7.24	-7.24	-7.19
128400	-7.67	-7.67	-7.62
128500	-7.41	-7.41	-7.36
128600	-7.57	-7.57	-7.53
128700	-7.67	-7.67	-7.63
128800	-7.21	-7.21	-7.17
128900	-7.23	-7.23	-7.19
129000	-7.28	-7.28	-7.24
129100	-6.98	-6.98	-6.94
129200	-6.98	-6.98	-6.94
129300	-7.08	-7.08	-7.04
129400	-7.18	-7.18	-7.15
129500	-6.86	-6.86	-6.83
129600	-6.78	-6.78	-6.75
129700	-6.56	-6.56	-6.53
129800	-6.38	-6.38	-6.35
129900	-6.49	-6.49	-6.47
130000	-6.44	-6.44	-6.42
130100	-6.48	-6.48	-6.46
130200	-6.55	-6.55	-6.53
130300	-6.44	-6.44	-6.42
130400	-6.48	-6.48	-6.47
130500	-6.67	-6.67	-6.66
130600	-6.68	-6.68	-6.67
130700	-6.68	-6.68	-6.67
130800	-6.64	-6.64	-6.63
130900	-6.57	-6.57	-6.57
131000	-6.87	-6.87	-6.87
131100	-6.79	-6.79	-6.79
131200	-6.94	-6.94	-6.94
131300	-6.83	-6.83	-6.83
131400	-6.80	-6.80	-6.81
131500	-6.86	-6.86	-6.87
131600	-6.82	-6.82	-6.83
131700	-6.77	-6.77	-6.78
131800	-6.82	-6.82	-6.84
131900	-6.72	-6.72	-6.74
132000	-6.61	-6.61	-6.63
132100	-6.48	-6.48	-6.50
132200	-6.45	-6.45	-6.47
132300	-6.76	-6.76	-6.78
132400	-6.83	-6.83	-6.86
132500	-6.89	-6.89	-6.92
132600	-6.79	-6.79	-6.82
132700	-6.67	-6.67	-6.70
132800	-6.67	-6.67	-6.71
132900	-6.66	-6.66	-6.70
133000	-6.59	-6.59	-6.64
133100	-6.81	-6.81	-6.86
133200	-7.03	-7.03	-7.09
133300	-7.28	-7.28	-7.35
133400	-7.29	-7.29	-7.37
133500	-7.16	-7.16	-7.25
133600	-7.11	-7.11	-7.22
133700	-6.79	-6.79	-6.91
133800	-6.90	-6.90	-7.04
133900	-6.82	-6.82	-6.97
134000	-7.13	-7.13	-7.30
134100	-7.08	-7.08	-7.27
134200	-7.05	-7.05	-7.26
134300	-7.07	-7.07	-7.30
134400	-7.01	-7.01	-7.27
134500	-7.01	-7.01	-7.29
134600	-6.96	-6.96	-7.26
134700	-6.96	-6.96	-7.29
134800	-6.93	-6.93	-7.28
134900	-7.14	-7.14	-7.51
135000	-7.18	-7.18	-7.58
135100	-7.26	-7.26	-7.68
135200	-7.04	-7.04	-7.48
135300	-7.18	-7.18	-7.64
135400	-7.17	-7.17	-7.65
135500	-7.21	-7.21	-7.71
135600	-7.29	-7.29	-7.81
135700	-7.22	-7.22	-7.75
135800	-7.16	-7.16	-7.71
135900	-7.12	-7.12	-7.69
136000	-7.12	-7.12	-7.70
136100	-7.20	-7.20	-7.80
136200	-7.08	-7.08	-7.69
136300	-7.04	-7.04	-7.66
136400	-7.28	-7.28	-7.92
136500	-7.05	-7.05	-7.70
136600	-7.02	-7.02	-7.68
136700	-6.99	-6.99	-7.67
136800	-7.04	-7.04	-7.73
136900	-7.12	-7.12	-7.83
137000	-7.17	-7.17	-7.89
137100	-7.01	-7.01	-7.75
137200	-7.03	-7.03	-7.79
137300	-7.18	-7.18	-7.96
137400	-7.28	-7.28	-8.08
137500	-7.28	-7.28	-8.10
137600	-7.32	-7.32	-8.16
137700	-7.21	-7.21	-8.07
137800	-7.17	-7.17	-8.05
137900	-7.16	-7.16	-8.06
138000	-7.16	-7.16	-8.08
138100	-6.91	-6.91	-7.85
138200	-7.05	-7.05	-8.01
138300	-7.30	-7.30	-8.27
138400	-7.21	-7.21	-8.20
138500	-7.26	-7.26	-8.26
138600	-7.14	-7.14	-8.15
138700	-7.16	-7.16	-8.18
138800	-7.14	-7.14	-8.17
138900	-7.22	-7.22	-8.26
139000	-7.14	-7.14	-8.18
139100	-7.07	-7.07	-8.12
139200	-7.40	-7.40	-8.46
139300	-7.39	-7.39	-8.45
139400	-7.40	-7.40	-8.47
139500	-7.54	-7.54	-8.61
139600	-7.70	-7.70	-8.77
139700	-7.78	-7.78	-8.86
139800	-7.14	-7.14	-8.22
139900	-7.48	-7.48	-8.56
140000	-7.48	-7.48	-8.56
140100	-7.47	-7.47	-8.56
140200	-7.52	-7.52	-8.61
140300	-7.74	-7.74	-8.83
140400	-7.83	-7.83	-8.92
140500	-7.83	-7.83	-8.92
140600	-7.50	-7.50	-8.59
140700	-7.58	-7.58	-8.67
140800	-7.68	-7.68	-8.76
140900	-7.63	-7.63	-8.71
141000	-7.62	-7.62	-8.70
141100	-7.68	-7.68	-8.76
141200	-7.65	-7.65	-8.73
141300	-7.82	-7.82	-8.89
141400	-7.67	-7.67	-8.74
141500	-7.64	-7.64	-8.71
141600	-7.81	-7.81	-8.87
141700	-7.73	-7.73	-8.79
141800	-7.67	-7.67	-8.73
141900	-7.79	-7.79	-8.84
142000	-7.99	-7.99	-9.04
142100	-7.84	-7.84	-8.88
142200	-7.60	-7.60	-8.64
142300	-7.74	-7.74	-8.77
142400	-7.94	-7.94	-8.97
142500	-7.64	-7.64	-8.66
142600	-7.81	-7.81	-8.82
142700	-7.68	-7.68	-8.69
142800	-7.70	-7.70	-8.70
142900	-7.55	-7.55	-8.55
143000	-7.75	-7.75	-8.74
143100	-7.79	-7.79	-8.78
143200	-7.97	-7.97	-8.96
143300	-7.94	-7.94	-8.92
143400	-8.02	-8.02	-9.00
143500	-7.94	-7.94	-8.92
143600	-7.97	-7.97	-8.95
143700	-8.03	-8.03	-9.01
143800	-7.96	-7.96	-8.93
143900	-7.96	-7.96	-8.93
144000	-7.90	-7.90	-8.87
144100	-7.94	-7.94	-8.91
144200	-7.95	-7.95	-8.92
144300	-8.03	-8.03	-8.99
144400	-7.95	-7.95	-8.91
144500	-8.11	-8.11	-9.07
144600	-7.98	-7.98	-8.93
144700	-7.94	-7.94	-8.89
144800	-7.94	-7.94	-8.88
144900	-7.94	-7.94	-8.88
145000	-7.81	-7.81	-8.75
145100	-7.94	-7.94	-8.87
145200	-8.03	-8.03	-8.96
145300	-8.00	-8.00	-8.92
145400	-8.22	-8.22	-9.14
145500	-8.40	-8.40	-9.32
145600	-8.51	-8.51	-9.42
145700	-8.26	-8.26	-9.17
145800	-8.22	-8.22	-9.13
145900	-7.93	-7.93	-8.84
146000	-8.20	-8.20	-9.10
146100	-8.25	-8.25	-9.15
146200	-8.26	-8.26	-9.16
146300	-8.04	-8.04	-8.94
146400	-999	-8.13	-9.02
146500	-8.21	-8.21	-9.10
146600	-8.08	-8.08	-8.97
146700	-8.01	-8.01	-8.90
146800	-7.86	-7.86	-8.74
146900	-8.46	-8.46	-9.34
147000	-8.04	-8.04	-8.92
147100	-8.21	-8.21	-9.09
147200	-7.84	-7.84	-8.72
147300	-8.26	-8.26	-9.14
147400	-8.05	-8.05	-8.93
147500	-7.90	-7.90	-8.78
147600	-7.81	-7.81	-8.69
147700	-7.99	-7.99	-8.87
147800	-8.05	-8.05	-8.93
147900	-7.81	-7.81	-8.69
148000	-8.04	-8.04	-8.92
148100	-8.02	-8.02	-8.90
148200	-7.86	-7.86	-8.74
148300	-8.08	-8.08	-8.96
148400	-8.04	-8.04	-8.92
148500	-8.05	-8.05	-8.93
148600	-7.79	-7.79	-8.67
148700	-8.07	-8.07	-8.95
148800	-8.01	-8.01	-8.89
148900	-8.09	-8.09	-8.97
149000	-7.90	-7.90	-8.78
149100	-8.10	-8.10	-8.99
149200	-8.11	-8.11	-9.00
149300	-8.09	-8.09	-8.98
149400	-7.98	-7.98	-8.87
149500	-7.94	-7.94	-8.84
149600	-7.99	-7.99	-8.89
149700	-8.05	-8.05	-8.95
149800	-7.93	-7.93	-8.84
149900	-8.10	-8.10	-9.01
150000	-7.85	-7.85	-8.77
150100	-8.12	-8.12	-9.04
150200	-7.88	-7.88	-8.81
150300	-7.67	-7.67	-8.60
150400	-7.81	-7.81	-8.75
150500	-7.62	-7.62	-8.56
150600	-7.52	-7.52	-8.47
150700	-7.46	-7.46	-8.41
150800	-7.56	-7.56	-8.52
150900	-7.67	-7.67	-8.63
151000	-7.57	-7.57	-8.54
151100	-7.70	-7.70	-8.67
151200	-7.75	-7.75	-8.73
151300	-7.81	-7.81	-8.79
151400	-7.56	-7.56	-8.55
151500	-7.90	-7.90	-8.89
151600	-7.73	-7.73	-8.72
151700	-7.65	-7.65	-8.64
151800	-7.85	-7.85	-8.85
151900	-8.09	-8.09	-9.09
152000	-8.07	-8.07	-9.07
152100	-7.98	-7.98	-8.99
152200	-7.88	-7.88	-8.89
152300	-7.68	-7.68	-8.69
152400	-7.82	-7.82	-8.83
152500	-7.93	-7.93	-8.94
152600	-7.86	-7.86	-8.87
152700	-7.85	-7.85	-8.86
152800	-7.77	-7.77	-8.78
152900	-7.75	-7.75	-8.77
153000	-7.76	-7.76	-8.78
153100	-7.75	-7.75	-8.77
153200	-7.74	-7.74	-8.76
153300	-7.74	-7.74	-8.76
153400	-7.81	-7.81	-8.83
153500	-7.91	-7.91	-8.93
153600	-7.95	-7.95	-8.97
153700	-7.93	-7.93	-8.95
153800	-7.83	-7.83	-8.85
153900	-7.71	-7.71	-8.73
154000	-7.81	-7.81	-8.83
154100	-7.90	-7.90	-8.92
154200	-999	-7.99	-9.00
154300	-8.07	-8.07	-9.09
154400	-7.95	-7.95	-8.97
154500	-7.83	-7.83	-8.85
154600	-7.77	-7.77	-8.79
154700	-7.78	-7.78	-8.79
154800	-7.66	-7.66	-8.67
154900	-7.90	-7.90	-8.91
155000	-7.96	-7.96	-8.97
155100	-7.96	-7.96	-8.97
155200	-999	-7.92	-8.93
155300	-7.88	-7.88	-8.88
155400	-7.95	-7.95	-8.95
155500	-7.94	-7.94	-8.94
155600	-7.93	-7.93	-8.92
155700	-7.92	-7.92	-8.91
155800	-7.91	-7.91	-8.90
155900	-7.78	-7.78	-8.76
156000	-7.90	-7.90	-8.88
156100	-7.94	-7.94	-8.91
156200	-7.85	-7.85	-8.82
156300	-999	-7.83	-8.79
156400	-7.80	-7.80	-8.76
156500	-7.81	-7.81	-8.76
156600	-8.00	-8.00	-8.95
156700	-7.92	-7.92	-8.86
156800	-999	-7.84	-8.77
156900	-7.76	-7.76	-8.69
157000	-7.89	-7.89	-8.81
157100	-7.90	-7.90	-8.81
157200	-999	-7.92	-8.83
157300	-7.94	-7.94	-8.84
157400	-7.80	-7.80	-8.69
157500	-8.06	-8.06	-8.94
157600	-999	-8.01	-8.88
157700	-7.95	-7.95	-8.81
157800	-7.97	-7.97	-8.82
157900	-7.77	-7.77	-8.61
158000	-999	-7.86	-8.69
158100	-7.95	-7.95	-8.77
158200	-8.03	-8.03	-8.84
158300	-999	-7.93	-8.72
158400	-7.82	-7.82	-8.60
158500	-7.76	-7.76	-8.53
158600	-999	-7.82	-8.57
158700	-7.87	-7.87	-8.61
158800	-7.86	-7.86	-8.59
158900	-8.00	-8.00	-8.71
159000	-999	-8.04	-8.74
159100	-8.08	-8.08	-8.77
159200	-7.95	-7.95	-8.63
159300	-7.82	-7.82	-8.49
159400	-999	-7.87	-8.53
159500	-7.91	-7.91	-8.57
159600	-7.75	-7.75	-8.40
159700	-8.06	-8.06	-8.71
159800	-999	-8.12	-8.76
159900	-8.17	-8.17	-8.81
160000	-7.94	-7.94	-8.58
160100	-999	-7.89	-8.54
160200	-999	-7.85	-8.49
160300	-999	-7.80	-8.45
160400	-7.75	-7.75	-8.41
160500	-999	-7.87	-8.53
160600	-7.99	-7.99	-8.66
160700	-999	-8.07	-8.74
160800	-8.14	-8.14	-8.83
160900	-8.00	-8.00	-8.69
161000	-999	-7.92	-8.62
161100	-7.84	-7.84	-8.55
161200	-8.34	-8.34	-9.06
161300	-999	-8.22	-8.94
161400	-8.09	-8.09	-8.82
161500	-8.12	-8.12	-8.86